-64.496
-64.82
-63.584
-66.088
-65.868
-64.356
-63.516
-63.544
-62.704
-64.372
-66.012
-64.632
-63.292
-63.292
-61.636
-61.036
-62.092
-60.72
-60.18
-60.256
-60.584
-59.82
-58.856
-59.356
-59.068
-59.42
-59.616
-59.636
-60.468
-59.196
-60.52
-60.004
-60.944
-61.596
-62.596
-62.596
-60.14
-60.6
-60.832
-61.868
-60.936
-59.008
-63.48
-59.224
-59.168
-60.54
-61.996
-60.96
-59.892
-59.8
-60.96
-59.484
-58.96
-60.072
-60.728
-61.26
-61.212
-63.116
-60.612
-60.372
-59.644
-59.52
-60.996
-60.48
-61.132
-62.036
-60.72
-59.916
-60.532
-62.832
-61.864
-60.248
-60.768
-60.004
-58.836
-56.904
-58.156
-59.384
-59.828
-58.068
-57.152
-57.556
-57.716
-56.992
-56.74
-57.352
-56.872
-56.124
-57
-57.008
-56.552
-55.56
-57.272
-57.784
-58.376
-57.76
-57.56
-58.076
-57.676
-54.856
-57.624
-57.98
-57.38
-57
-56.24
-57.668
-56.952
-55.172
-57.108
-59.792
-56.84
-56.58
-59.1
-58.496
-57.968
-58.656
-58.776
-58.752
-58.264
-58.46
-58
-57.708
-55.612
-59.328
-59.108
-57.944
-59.556
-58.388
-57.968
-57.616
-56.064
-56.244
-55.416
-54.736
-55.74
-55.636
-56.896
-56.412
-56.344
-56.516
-56.88
-56.832
-56.096
-56.64
-56.724
-57.988
-56.564
-56.348
-57.32
-57.172
-57.476
-57.196
-58.428
-57.268
-55.916
-56.376
-56.392
-54.272
-57.176
-56.62
-59.024
-57.152
-58.376
-56.408
-56.552
-56.244
-56.316
-56.3
-58.056
-55.964
-55.5
-56.124
-56.116
-55.324
-55.288
-55.292
-56.436
-56.56
-56.124
-57.764
-57.076
-58.136
-60.54
-58.876
-61.8
-62.856
-62.704
-58.716
-56.408
-56.472
-57.652
-58.276
-59.3
-59.388
-59.512
-60.904
-61.836
-60.844
-60.324
-60.492
-59.272
-64.624
-62.936
-61.908
-62.812
-61.112
-62.976
-63.664
-64.212
-64.272
-63.912
-65.556
-64.6
-63.312
-64.368
-59.988
-57.464
-57.552
-59.98
-58.532
-60.288
-57.756
-57.26
-60.012
-60.056
-59.76
-59.224
-60.308
-63.108
-64.044
-61.924
-60.048
-59.932
-66.416
-64.68
-62.664
-58.852
-57.116
-61.44
-58.976
-57.868
-60.936
-62.848
-64.812
-63.3
-61.768
-62.604
-62.588
-65.06
-65.588
-61.032
-58.344
-58.836
-57.8
-56.484
-55.508
-55.588
-54.496
-53.452
-53.136
-54.836
-51.936
-51.388
-51.86
-52.536
-52.368
-52.852
-54.08
-53.408
-53.496
-53.78
-53.112
-51.688
-52.116
-53.884
-54.384
-55.524
-54.484
-54.152
-54.384
-57.86
-57.528
-58.952
-58.472
-57.28
-59.024
-58.204
-57.804
-55.092
-52.812
-53.608
-53.46
-52.364
-52.68
-52.128
-52.16
-51.904
-53.192
-52.148
-51.78
-52.764
-55.128
-57.172
-58.752
-61.74
-64.704
-58.576
-57.62
-58.088
-56.84
-57.66
-59.236
-54.896
-55.008
-55.064
-52.236
-50.88
-51.152
-49.404
-49.308
-51.848
-51.868
-50.776
-54.38
-54.748
-54.5
-53.056
-52.404
-54.684
-60.8
-55.2
-52.048
-51.412
-52.512
-49.764
-48.712
-51.696
-51.504
-52.896
-54.064
-52.644
-53.364
-50.724
-50.624
-53.388
-51.848
-49.38
-51.304
-53.052
-52.108
-52.392
-55.56
-59.116
-60.264
-54.228
-56.724
-55.444
-53.136
-52.728
-56.864
-53.568
-49.56
-50.12
-52.624
-53.788
-52.692
-54.94
-56.664
-55.964
-61.076
-57.696
-52.368
-53.232
-62.464
-51.384
-48.16
-48.152
-47.924
-48.404
-48.056
-50.012
-49.76
-54.272
-56.116
-51.412
-50.944
-49.112
-52.34
-51.488
-50.36
-52.6
-50.412
-49.224
-49.028
-54.088
-50.432
-48.652
-51.092
-46.24
-44.808
-48.976
-51.264
-47.168
-47.932
-45.096
-44.912
-46.576
-50.58
-47.356
-42.64
-44.28
-48.248
-47.136
-43.356
-47.308
-46.208
-49.5
-43.188
-43.612
-45.684
-43.696
-43.12
-45.584
-42.76
-42.716
-46.564
-45.044
-43.588
-44.048
-37.468
-37.288
-40.548
-38.576
-38.808
-40.976
-39.44
-43.136
-39.536
-39.624
-41.232
-40.692
-41.312
-41.86
-38.428
-39.028
-45.568
-43.04
-44.824
-43.3
-43.028
-44.016
-42.888
-42.168
-42.248
-42.708
-41.992
-41.796
-41.86
-41.932
-42.032
-42.236
-42.304
-42.356
-42.344
-42.288
-42.28
-42.264
-42.204
-42.22
-42.164
-42.136
-42.108
-42.092
-42.128
-42.136
-42.124
-42.196
-42.244
-42.3
-42.4
-42.388
-42.356
-42.276
-42.236
-42.244
-42.172
-42.204
-42.196
-42.208
-42.224
-42.264
-42.272
-42.368
-42.412
-42.476
-42.504
-42.472
-42.424
-42.372
-42.32
-42.292
-42.26
-42.264
-42.196
-42.192
-42.164
-42.228
-42.2
-42.18
-42.152
-42.172
-42.092
-41.94
-41.256
-40.62
-40.716
-40.172
-40.4
-42.992
-42.532
-42.46
-42.472
-42.576
-42.532
-42.444
-42.4
-42.216
-42.156
-42.148
-42.152
-42.176
-42.192
-42.248
-42.272
-42.3
-42.296
-42.272
-42.352
-42.336
-42.34
-42.344
-42.292
-42.236
-42.168
-42.152
-42.176
-42.244
-42.296
-42.268
-42.348
-42.368
