-62.804
-67.14
-67
-66.604
-67.156
-64.656
-65.2
-65.684
-65.42
-65.516
-65.884
-64.08
-63.372
-63.212
-64.544
-66.656
-63.676
-63.352
-64.656
-64.944
-65.4
-65.684
-65.484
-65.028
-64.944
-61.74
-61.468
-60.944
-59.276
-60.324
-62.036
-61.096
-60.6
-60.676
-61.364
-60.564
-59.204
-59.46
-61.584
-62.444
-62.824
-61.888
-62.68
-61.2
-57.708
-61.8
-62.432
-59.14
-60.992
-63.068
-63.72
-62.016
-60.056
-61.6
-62.804
-60.844
-58.888
-59.328
-61.232
-60.172
-60.904
-60.128
-63.188
-60.032
-58.68
-59.12
-59.972
-60.384
-60.224
-60.416
-60.252
-62.628
-61.988
-60.376
-60.424
-61.684
-59.256
-58.432
-58.156
-59.1
-57.596
-57.832
-57.352
-57.028
-56.912
-57.544
-57.684
-57.616
-57.892
-57.316
-57.18
-57.636
-58.392
-57.812
-57.592
-57.208
-57.28
-57.86
-57.16
-57.696
-54.8
-56.896
-57.036
-56.472
-56.348
-56.96
-56.408
-56.508
-57.668
-57.928
-57.964
-58.064
-57.808
-56.264
-57.884
-57.264
-58.6
-60.032
-58.164
-58.392
-58.484
-57.76
-57.328
-56.464
-56.888
-57.136
-57.416
-58.768
-58.788
-59.44
-58.832
-58.636
-58.456
-58.468
-57.108
-55.752
-54.892
-55.496
-57.724
-57.952
-56.992
-57.648
-55.42
-58.908
-57.544
-56.32
-57.504
-56.384
-57.224
-57.356
-56.436
-57.984
-57.1
-56.848
-56.672
-57.868
-58.164
-56.128
-56.936
-57.528
-56.28
-56.316
-56.968
-56.992
-56.896
-57.228
-58.808
-57.428
-56.688
-56.44
-56.88
-55.48
-54.628
-54.148
-56.48
-56.288
-56.912
-56.264
-53.36
-56.408
-58.1
-56.064
-57.128
-58.756
-57.844
-58.584
-60.456
-60.824
-62.444
-62.316
-63.672
-61.424
-60.196
-61.036
-58.364
-59.148
-59.66
-60.18
-63.16
-65.344
-65.98
-66.616
-63.492
-63.8
-61.764
-62.008
-66.816
-65.436
-67.38
-67.728
-66.104
-66.204
-70.8
-64.464
-63.524
-63.116
-65.12
-62.856
-59.804
-59.752
-59.592
-57.232
-57.8
-58.752
-57.312
-56.004
-57.028
-58.56
-57.964
-59.14
-60.096
-58.92
-57.068
-57.304
-57.02
-59.056
-58.328
-57.808
-57.872
-60.664
-59.332
-57.424
-56.172
-56.036
-55.28
-56.136
-57.06
-57.1
-57.392
-62.452
-62.324
-63.924
-64.708
-64.496
-61.06
-59.024
-60.992
-59.256
-59.312
-58.104
-58.132
-58.856
-56.764
-56.116
-54.632
-54.736
-55.74
-54.936
-58.992
-57.716
-55.548
-53.916
-53.82
-54.956
-54.54
-52.984
-53.172
-53.828
-53.428
-55.124
-54.156
-54.04
-54.356
-54.232
-53.252
-52.784
-53.012
-53.396
-54.4
-52.68
-53.252
-53.524
-53.336
-54.032
-56.464
-59.284
-59.828
-66.088
-56.856
-55.772
-54.424
-52.708
-52.432
-51.752
-51.856
-52.284
-52.34
-53.78
-55.448
-56.88
-57.404
-56.364
-61.184
-64.284
-58.196
-57.724
-58.432
-60.004
-58.832
-58.684
-64.556
-62.352
-60.72
-57.968
-54.064
-53.868
-53.996
-52.408
-52.392
-50.412
-49.972
-49.948
-50.348
-50.984
-51.508
-51.628
-52.252
-52.084
-54.528
-50.952
-50.14
-52.044
-53.248
-54.64
-54.232
-51.8
-50.152
-50.6
-49.056
-49.336
-48.072
-48.544
-51.668
-52.264
-51.472
-51.548
-51.196
-50.808
-50.616
-52.312
-51.516
-51.548
-52.744
-50.396
-52.672
-53.584
-53.98
-54.528
-56.544
-55.876
-55.228
-53.812
-52.636
-52.016
-52.828
-53.884
-51.236
-51.176
-53.4
-54.736
-50.7
-50.64
-50.528
-50.124
-52.308
-53.892
-50.496
-50.384
-49.8
-50.284
-53.324
-51.084
-50.092
-47.86
-47.404
-48.436
-48.336
-48.784
-48.856
-53.488
-52.94
-48.44
-48.28
-49.484
-53.104
-49.5
-49.892
-52.24
-49.784
-46.848
-48.064
-52.992
-47.788
-47.568
-49.648
-45.928
-44.424
-45.744
-49.42
-49.324
-46.82
-44.88
-43.848
-45.204
-47.228
-46.304
-42.784
-43.344
-46.488
-45.328
-42.996
-44.468
-46.704
-48.332
-43.152
-42.988
-45.004
-44.076
-43.748
-45.66
-42.376
-42.536
-48.032
-43.44
-43.66
-43.836
-42.384
-38.244
-39.188
-40.384
-40.14
-43.26
-40.44
-40.996
-42.848
-39.592
-42.12
-41.74
-40.728
-44.336
-40.168
-41.2
-45.756
-39.756
-37.5
-36.776
-36.7
-36.912
-37.86
-37.364
-36.76
-36.724
-36.564
-36.612
-36.32
-36.236
-36.208
-36.24
-36.284
-36.352
-36.44
-36.408
-36.448
-36.456
-36.396
-36.436
-36.424
-36.416
-36.412
-36.4
-36.444
-36.416
-36.42
-36.48
-36.496
-36.524
-36.488
-36.476
-36.448
-36.516
-36.496
-36.496
-36.496
-36.488
-36.476
-36.476
-36.496
-36.468
-36.508
-36.524
-36.528
-36.508
-36.54
-36.536
-36.512
-36.512
-36.516
-36.528
-36.528
-36.512
-36.536
-36.504
-36.508
-36.496
-36.488
-36.508
-36.508
-36.548
-36.564
-36.56
-36.564
-36.564
-36.552
-36.564
-36.568
-36.528
-36.5
-36.536
-36.552
-36.56
-36.528
-36.576
-36.56
-36.568
-36.548
-36.608
-36.612
-36.6
-36.616
-36.652
-36.5
