-68.72
-68.384
-70.288
-72.396
-67.82
-66.776
-61.472
-61.3
-64.024
-65.76
-61.612
-61.524
-62.856
-64.24
-62.92
-61.132
-60.856
-61.044
-61.404
-60.436
-58.352
-58.196
-60.504
-59.42
-58.136
-58.708
-58.716
-57.528
-57.304
-60.088
-59.6
-58.788
-59.044
-60.552
-60.216
-59.972
-60.628
-61.764
-61.496
-60.584
-61.92
-61.812
-61.4
-63.052
-61.848
-60.12
-60.328
-60.804
-61.836
-62.416
-62.316
-63.464
-64.932
-62.588
-63.544
-67.252
-63.492
-62.172
-62.648
-63.24
-63.116
-62.816
-63.816
-64.1
-61.556
-61.128
-62.644
-59.868
-59.652
-60.216
-59.792
-59.496
-58.46
-58.22
-59.556
-57.672
-56.64
-57.684
-58.744
-58.896
-58.052
-58.74
-58.868
-57.588
-56.96
-57.308
-58.04
-58.364
-57.108
-58.012
-58.292
-57.38
-57.128
-57.092
-58.016
-58.304
-57.204
-58.56
-56.708
-55.66
-56.564
-57.224
-56.204
-56.212
-58.116
-57.392
-57.976
-58.632
-58.264
-59.744
-58.536
-57.392
-57.88
-58.016
-56.604
-56.656
-57.496
-57.636
-59.008
-57.964
-58.92
-58.56
-57.94
-57.584
-56.392
-56.116
-55.6
-53.576
-53.548
-54.912
-56.78
-55.172
-55.728
-56.344
-57.084
-56.044
-55.6
-56.116
-57.884
-56.316
-57.068
-57.312
-57.36
-56.84
-56.588
-57.404
-58.912
-57.256
-56.656
-56.104
-55.864
-55.608
-55.576
-56.692
-55.388
-56.688
-60.48
-58.596
-57.372
-55.972
-56.544
-57.408
-56.708
-56.412
-58.364
-55.456
-56.012
-55.012
-56.084
-56.124
-55.98
-56.5
-56.856
-56.732
-56.212
-56.544
-58.684
-58.788
-58.832
-59.332
-58.692
-62.268
-61.94
-62.056
-58.468
-57.844
-57.084
-57.676
-58.46
-60.004
-59.496
-61.132
-64.024
-60.996
-60.2
-60.12
-61.4
-59.148
-63.888
-64.56
-64.952
-63.568
-63.972
-65.752
-64.224
-63.716
-68.836
-65.336
-63.132
-63.304
-58.644
-60.392
-60.148
-59.404
-58.172
-57.768
-58.62
-59.404
-59.692
-57.684
-61.292
-60.792
-61.78
-60.056
-58.9
-60.164
-60.952
-62.372
-65.436
-64.72
-61.372
-60.632
-58.92
-59.532
-58.92
-59.224
-58.672
-58.74
-61.1
-61.8
-61.672
-61.564
-62.372
-64.52
-61.82
-63.256
-60.956
-60.392
-58.212
-58.104
-57.712
-56.5
-54.892
-54.624
-54.276
-54.008
-54.908
-56.7
-54.548
-53.504
-51.992
-52.356
-52.484
-51.076
-51.768
-51.904
-52.98
-54.276
-53.056
-53.072
-54.916
-54.58
-53.548
-53.424
-55.952
-54.66
-53.892
-54.276
-55.764
-56.472
-54.84
-55.732
-57.332
-59.312
-58.648
-58.888
-69.584
-61.56
-60.164
-55.584
-55.404
-53.82
-51.884
-52.484
-52.192
-52.476
-52.992
-52.864
-55.9
-56.184
-55.636
-56.384
-64.024
-59.728
-58.644
-62.496
-63.412
-61.52
-60.192
-59.348
-60.224
-58.94
-57.76
-55.608
-55.404
-54.56
-53.54
-52.716
-51.988
-50.448
-51.44
-50.228
-51.352
-51.28
-51.888
-51.624
-55.22
-56.068
-52.8
-52.8
-55.324
-53.964
-56.392
-55.044
-55.096
-52.328
-51.888
-50.648
-49.8
-50.264
-49.864
-50.424
-52.476
-54.168
-52.248
-53.16
-50.692
-49.696
-49.308
-54.056
-51.316
-50.312
-53.76
-52.908
-53.332
-52.56
-55.704
-58.332
-53.744
-53.48
-56.824
-52.916
-52.128
-52.18
-56.92
-53.424
-51.004
-51.06
-53.868
-55.716
-51.988
-53.276
-53.364
-54.56
-54.56
-56.4
-55.532
-51.86
-51.804
-60.84
-52.34
-49.236
-47.916
-47.464
-49.412
-49.464
-49.536
-48.72
-53.136
-55.472
-54.14
-49.772
-49.272
-49.564
-52.812
-49.708
-49.34
-53.868
-49.692
-49.192
-50.348
-55.888
-53.468
-49.088
-52.772
-50.832
-45.46
-45.416
-45.244
-49.068
-49.144
-44.216
-43.42
-45.292
-48.372
-48.164
-43.988
-43.944
-47.48
-46.54
-44.244
-41.068
-41.812
-44.716
-49.788
-45.92
-45.516
-44.048
-39.96
-41.028
-46.884
-44.732
-40.564
-40.408
-45.84
-44.556
-42.076
-40.932
-40.428
-38.676
-42.852
-39.284
-39.164
-39.76
-39.256
-39.996
-42.496
-40.512
-41.448
-39.96
-39.412
-45.968
-41.672
-41.628
-54.132
-47.48
-41.544
-40.492
-40.34
-40.448
-40.596
-40.492
-40.06
-40.076
-39.48
-39.096
-39.02
-38.692
-38.76
-40.46
-41.468
-41.276
-40.956
-40.492
-40.236
-40.036
-39.876
-39.808
-39.792
-39.756
-39.74
-39.728
-39.732
-39.752
-39.836
-39.904
-40.012
-40.044
-40.036
-39.908
-39.84
-39.836
-39.772
-39.728
-39.728
-39.688
-39.696
-39.688
-39.676
-39.756
-39.828
-39.928
-39.996
-40.044
-40.032
-39.976
-39.892
-39.896
-39.82
-39.736
-39.712
-39.652
-39.616
-39.6
-39.6
-39.696
-39.748
-39.856
-39.932
-39.976
-39.916
-39.88
-39.816
-39.732
-39.716
-39.704
-39.616
-39.62
-39.636
-39.592
-39.612
-39.688
-39.74
-39.916
-39.96
-39.992
-39.96
-39.868
-39.816
-39.748
-39.704
-39.612
-39.612
-39.56
-39.54
-39.928
-40.124
-39.28
-39.524
-39.624
-38.56
