-65.12
-66.712
-67.324
-66.888
-65.288
-61.356
-62.112
-63.292
-67.428
-62.712
-63.592
-62.812
-63.052
-64.18
-64.088
-61.972
-62.372
-61.364
-61.544
-61.18
-59.008
-58.832
-60.78
-59.256
-59.168
-59.048
-60.128
-58.784
-58.496
-58.46
-60.032
-59.468
-59.312
-58.844
-60.672
-59.82
-58.94
-60.112
-63.724
-62.056
-59.3
-59.608
-64.04
-61.116
-60.684
-61.028
-61.128
-61.44
-61.016
-60.568
-61.832
-61.708
-62.516
-62.312
-62.936
-61.956
-62.14
-65.248
-61.696
-60.688
-62.596
-64.144
-65.948
-64.256
-64.356
-62.928
-65.268
-61.344
-60.94
-62.544
-63.5
-60.12
-59.424
-59.556
-60.46
-59.16
-57.44
-57.428
-58.96
-59.616
-57.812
-58.4
-58.796
-58.888
-58.22
-57.332
-58.1
-58.932
-59.16
-58.168
-58.46
-58.44
-61.06
-58.056
-57.436
-58.928
-61.376
-58.876
-58.016
-58.852
-58.332
-59.892
-58.104
-58.696
-60.112
-59.256
-58.68
-57.036
-57.308
-61.032
-56.748
-59.108
-60.04
-58.624
-57.1
-58.152
-57.312
-57.06
-56.24
-56.832
-58.908
-58.844
-58.728
-60.4
-58.588
-59.66
-56.864
-56.536
-55.844
-54.72
-55.856
-56.536
-57.668
-57.48
-57.94
-57.608
-57.848
-57.892
-56.888
-56.344
-58.164
-57.888
-57.66
-57.308
-57.228
-57.168
-58.068
-58.776
-59.348
-59.256
-58.1
-57.052
-55.864
-58.184
-57.74
-56.412
-57.352
-59.692
-59.236
-56.384
-56.016
-57.48
-56.232
-55.864
-56.252
-57.208
-56.708
-56.064
-56.4
-56.124
-56.316
-57.676
-57.444
-57.468
-57.76
-58.564
-58.244
-57.724
-60.988
-61.008
-61.848
-61.012
-61.648
-62.464
-61.668
-61.076
-60.444
-59.208
-59.636
-59.868
-61.556
-64.452
-63.952
-64.812
-64.656
-64.516
-64.116
-61.496
-62.38
-65.18
-64.836
-68.3
-66.204
-67.328
-67.824
-67.704
-63.432
-63.724
-69.372
-69.912
-65.484
-62.388
-60.276
-58.036
-58.656
-57.54
-57.336
-56.716
-57.212
-57.56
-57.868
-60.436
-57.092
-57.26
-58.908
-60.7
-62.008
-59.996
-60.472
-61.9
-62.848
-61.608
-61.472
-62.716
-64.964
-64.78
-60.264
-60.44
-56.612
-56.536
-58.2
-58.508
-58.196
-59.52
-60.832
-64.384
-61.92
-61.6
-61.084
-61.6
-62.132
-62.388
-62.516
-60.52
-60.12
-59.14
-57.848
-56.064
-55.064
-55.428
-55.144
-54.912
-54.94
-55.296
-54.712
-54.096
-54.232
-52.82
-53.024
-52.972
-53.436
-55.176
-59.228
-56.912
-55.332
-54.752
-55.276
-53.612
-53.16
-54.276
-54.072
-55.444
-54.124
-52.856
-53.18
-54.5
-53.4
-53.276
-54.628
-58.576
-57.568
-59.948
-60.792
-59.768
-55.876
-53.54
-53.776
-52.612
-51.608
-53.004
-51.868
-51.856
-52.596
-52.572
-53.164
-53.736
-56.564
-58.256
-60.12
-61.224
-59.128
-63.308
-60.708
-58.992
-57.696
-59.908
-62.004
-60.012
-58.908
-56.536
-54.412
-52.784
-52.812
-52.424
-52.192
-50.292
-50.416
-49.748
-50.332
-52.196
-50.528
-50.548
-52.156
-53.908
-55.5
-51.424
-50.256
-52.632
-55.48
-56.076
-54.228
-53.304
-51.512
-51.392
-51.028
-48.812
-50.264
-47.9
-48.316
-50.504
-54.488
-53.02
-51.78
-53.964
-51.96
-53.2
-55.112
-52.524
-53.184
-55.46
-51.644
-51.696
-54.256
-54.652
-56.572
-56.992
-55.08
-56.656
-56.064
-54.204
-51.648
-52.096
-56.612
-53.02
-52.24
-52.132
-53.752
-57.636
-54.132
-51.956
-52.248
-52.192
-53.192
-55.552
-55.16
-51.7
-50.16
-50.824
-52.488
-52.948
-50.556
-47.844
-47.204
-49.8
-50.008
-49.584
-49.292
-52.148
-54.156
-49.54
-48.896
-50.74
-53.54
-52.496
-53.172
-53.38
-51.844
-48.14
-51.144
-49.72
-46.304
-48.152
-49.788
-46.116
-44.632
-47.596
-47.836
-45.792
-46.372
-45.9
-45.036
-47.552
-51.248
-48.244
-45.028
-45.34
-48.732
-44.6
-43.852
-47.656
-47.208
-48.176
-44.792
-44.096
-45.796
-45.068
-42.8
-45.224
-41.404
-41.276
-48.18
-42.956
-42.924
-43.256
-44.196
-38.988
-38.996
-39.852
-38.856
-39.492
-41.312
-41.016
-43.12
-39.028
-39.14
-44.3
-41.564
-41.876
-39.612
-38.92
-42.204
-43.268
-40.272
-39.352
-38.036
-37.468
-37.276
-37.264
-37.112
-37.068
-37.104
-37.22
-37.244
-37.26
-37.372
-37.48
-37.644
-37.748
-37.96
-37.972
-37.952
-37.964
-37.824
-37.796
-37.648
-37.588
-37.54
-37.5
-37.476
-37.5
-37.476
-37.48
-37.612
-37.66
-37.752
-37.848
-37.86
-37.856
-37.804
-37.74
-37.692
-37.684
-37.672
-37.632
-37.584
-37.464
-37.492
-37.48
-37.448
-37.468
-37.572
-37.66
-37.728
-37.844
-37.932
-37.848
-37.78
-37.704
-37.6
-37.54
-37.54
-37.54
-37.528
-37.54
-37.552
-37.6
-37.656
-37.752
-37.86
-37.944
-37.992
-37.96
-37.908
-37.848
-37.792
-37.736
-37.76
-37.716
-37.716
-37.692
-37.692
-37.668
-37.728
-37.78
-37.868
-37.98
-38.052
-38.084
-38.084
-38.044
-37.996
